   7.5000000e+01   7.5000000e+01   7.5000000e+01   7.2500000e+01
   8.7500000e+01   8.5000000e+01   8.5000000e+01   8.5000000e+01
   7.5000000e+01   7.5000000e+01   7.2500000e+01   7.2500000e+01
   3.2500000e+01   2.7500000e+01   4.0000000e+01   4.0000000e+01
   7.2500000e+01   7.5000000e+01   7.2500000e+01   7.2500000e+01
   8.0000000e+01   8.7500000e+01   8.0000000e+01   7.7500000e+01
   7.5000000e+01   7.5000000e+01   7.2500000e+01   6.2500000e+01
   8.7500000e+01   6.2500000e+01   9.2500000e+01   9.7500000e+01
   7.5000000e+01   7.5000000e+01   7.2500000e+01   6.2500000e+01
   9.2500000e+01   9.0000000e+01   9.2500000e+01   9.2500000e+01
   7.2500000e+01   7.5000000e+01   7.2500000e+01   7.0000000e+01
   9.0000000e+01   9.0000000e+01   9.0000000e+01   7.7500000e+01
   6.7500000e+01   7.5000000e+01   7.2500000e+01   7.0000000e+01
   5.7500000e+01   4.0000000e+01   5.5000000e+01   3.2500000e+01
   7.7500000e+01   7.2500000e+01   6.7500000e+01   7.2500000e+01
   9.2500000e+01   8.7500000e+01   8.7500000e+01   9.2500000e+01
   7.0000000e+01   7.7500000e+01   6.5000000e+01   6.0000000e+01
   8.2500000e+01   9.0000000e+01   9.2500000e+01   9.0000000e+01
   7.5000000e+01   7.2500000e+01   7.0000000e+01   7.0000000e+01
   9.0000000e+01   9.0000000e+01   9.7500000e+01   9.7500000e+01
